J1 =

 Columns 1 through 10:

   0.69315   0.69315   0.69315   0.69315   0.69315   0.69315   0.69315   0.69315   0.69315   0.69315

 Columns 11 through 20:

   0.69315   0.69315   0.69315   0.69315   0.69315   0.69315   0.69315   0.69315   0.69315   0.69315

 Columns 21 through 30:

   0.69315   0.69315   0.69315   0.69315   0.69315   0.69315   0.69315   0.69315   0.69315   0.69315

 Columns 31 through 40:

   0.69315   0.69315   0.69315   0.69315   0.69315   0.69315   0.69315   0.69315   0.69315   0.69315

 Columns 41 through 50:

   0.69315   0.69315   0.69315   0.69315   0.69315   0.69315   0.69315   0.69315   0.69315   0.69315

 Columns 51 through 60:

   0.69315   0.69315   0.69315   0.69315   0.69315   0.69315   0.69315   0.69315   0.69315   0.69315

 Columns 61 through 70:

   0.69315   0.69315   0.69315   0.69315   0.69315   0.69315   0.69315   0.69315   0.69315   0.69315

 Columns 71 through 80:

   0.69315   0.69315   0.69315   0.69315   0.69315   0.69315   0.69315   0.69315   0.69315   0.69315

 Columns 81 through 90:

   0.69315   0.69315   0.69315   0.69315   0.69315   0.69315   0.69315   0.69315   0.69315   0.69315

 Columns 91 through 100:

   0.69315   0.69315   0.69315   0.69315   0.69315   0.69315   0.69315   0.69315   0.69315   0.69315

 Columns 101 through 110:

   0.69315   0.69315   0.69315   0.69315   0.69315   0.69315   0.69315   0.69315   0.69315   0.69315

 Columns 111 through 120:

   0.69315   0.69315   0.69315   0.69315   0.69315   0.69315   0.69315   0.69315   0.69315   0.69315

 Columns 121 through 130:

   0.69315   0.69315   0.69315   0.69315   0.69315   0.69315   0.69315   0.69315   0.69315   0.69315

 Columns 131 through 140:

   0.69315   0.69315   0.69315   0.69315   0.69315   0.69315   0.69315   0.69315   0.69315   0.69315

 Columns 141 through 150:

   0.69315   0.69315   0.69315   0.69315   0.69315   0.69315   0.69315   0.69315   0.69315   0.69315

 Columns 151 through 160:

   0.69315   0.69315   0.69315   0.69315   0.69315   0.69315   0.69315   0.69315   0.69315   0.69315

 Columns 161 through 170:

   0.69315   0.69315   0.69315   0.69315   0.69315   0.69315   0.69315   0.69315   0.69315   0.69315

 Columns 171 through 180:

   0.69315   0.69315   0.69315   0.69315   0.69315   0.69315   0.69315   0.69315   0.69315   0.69315

 Columns 181 through 190:

   0.69315   0.69315   0.69315   0.69315   0.69315   0.69315   0.69315   0.69315   0.69315   0.69315

 Columns 191 through 200:

   0.69315   0.69315   0.69315   0.69315   0.69315   0.69315   0.69315   0.69315   0.69315   0.69315

 Columns 201 through 210:

   0.69315   0.69315   0.69315   0.69315   0.69315   0.69315   0.69315   0.69315   0.69315   0.69315

 Columns 211 through 220:

   0.69315   0.69315   0.69315   0.69315   0.69315   0.69315   0.69315   0.69315   0.69315   0.69315

 Columns 221 through 230:

   0.69315   0.69315   0.69315   0.69315   0.69315   0.69315   0.69315   0.69315   0.69315   0.69315

 Columns 231 through 240:

   0.69315   0.69315   0.69315   0.69315   0.69315   0.69315   0.69315   0.69315   0.69315   0.69315

 Columns 241 through 250:

   0.69315   0.69315   0.69315   0.69315   0.69315   0.69315   0.69315   0.69315   0.69315   0.69315

 Columns 251 through 260:

   0.69315   0.69315   0.69315   0.69315   0.69315   0.69315   0.69315   0.69315   0.69315   0.69315

 Columns 261 through 270:

   0.69315   0.69315   0.69315   0.69315   0.69315   0.69315   0.69315   0.69315   0.69315   0.69315

 Columns 271 through 280:

   0.69315   0.69315   0.69315   0.69315   0.69315   0.69315   0.69315   0.69315   0.69315   0.69315

 Columns 281 through 290:

   0.69315   0.69315   0.69315   0.69315   0.69315   0.69315   0.69315   0.69315   0.69315   0.69315

 Columns 291 through 300:

   0.69315   0.69315   0.69315   0.69315   0.69315   0.69315   0.69315   0.69315   0.69315   0.69315

 Columns 301 through 310:

   0.69315   0.69315   0.69315   0.69315   0.69315   0.69315   0.69315   0.69315   0.69315   0.69315

 Columns 311 through 320:

   0.69315   0.69315   0.69315   0.69315   0.69315   0.69315   0.69315   0.69315   0.69315   0.69315

 Columns 321 through 330:

   0.69315   0.69315   0.69315   0.69315   0.69315   0.69315   0.69315   0.69315   0.69315   0.69315

 Columns 331 through 340:

   0.69315   0.69315   0.69315   0.69315   0.69315   0.69315   0.69315   0.69315   0.69315   0.69315

 Columns 341 through 350:

   0.69315   0.69315   0.69315   0.69315   0.69315   0.69315   0.69315   0.69315   0.69315   0.69315

 Columns 351 through 360:

   0.69315   0.69315   0.69315   0.69315   0.69315   0.69315   0.69315   0.69315   0.69315   0.69315

 Columns 361 through 370:

   0.69315   0.69315   0.69315   0.69315   0.69315   0.69315   0.69315   0.69315   0.69315   0.69315

 Columns 371 through 380:

   0.69315   0.69315   0.69315   0.69315   0.69315   0.69315   0.69315   0.69315   0.69315   0.69315

 Columns 381 through 390:

   0.69315   0.69315   0.69315   0.69315   0.69315   0.69315   0.69315   0.69315   0.69315   0.69315

 Columns 391 through 400:

   0.69315   0.69315   0.69315   0.69315   0.69315   0.69315   0.69315   0.69315   0.69315   0.69315

 Columns 401 through 410:

   0.69315   0.69315   0.69315   0.69315   0.69315   0.69315   0.69315   0.69315   0.69315   0.69315

 Columns 411 through 420:

   0.69315   0.69315   0.69315   0.69315   0.69315   0.69315   0.69315   0.69315   0.69315   0.69315

 Columns 421 through 430:

   0.69315   0.69315   0.69315   0.69315   0.69315   0.69315   0.69315   0.69315   0.69315   0.69315

 Columns 431 through 440:

   0.69315   0.69315   0.69315   0.69315   0.69315   0.69315   0.69315   0.69315   0.69315   0.69315

 Columns 441 through 450:

   0.69315   0.69315   0.69315   0.69315   0.69315   0.69315   0.69315   0.69315   0.69315   0.69315

 Columns 451 through 460:

   0.69315   0.69315   0.69315   0.69315   0.69315   0.69315   0.69315   0.69315   0.69315   0.69315

 Columns 461 through 470:

   0.69315   0.69315   0.69315   0.69315   0.69315   0.69315   0.69315   0.69315   0.69315   0.69315

 Columns 471 through 480:

   0.69315   0.69315   0.69315   0.69315   0.69315   0.69315   0.69315   0.69315   0.69315   0.69315

 Columns 481 through 490:

   0.69315   0.69315   0.69315   0.69315   0.69315   0.69315   0.69315   0.69315   0.69315   0.69315

 Columns 491 through 500:

   0.69315   0.69315   0.69315   0.69315   0.69315   0.69315   0.69315   0.69315   0.69315   0.69315

 Columns 501 through 510:

   0.69315   0.69315   0.69315   0.69315   0.69315   0.69315   0.69315   0.69315   0.69315   0.69315

 Columns 511 through 520:

   0.69315   0.69315   0.69315   0.69315   0.69315   0.69315   0.69315   0.69315   0.69315   0.69315

 Columns 521 through 530:

   0.69315   0.69315   0.69315   0.69315   0.69315   0.69315   0.69315   0.69315   0.69315   0.69315

 Columns 531 through 540:

   0.69315   0.69315   0.69315   0.69315   0.69315   0.69315   0.69315   0.69315   0.69315   0.69315

 Columns 541 through 550:

   0.69315   0.69315   0.69315   0.69315   0.69315   0.69315   0.69315   0.69315   0.69315   0.69315

 Columns 551 through 560:

   0.69315   0.69315   0.69315   0.69315   0.69315   0.69315   0.69315   0.69315   0.69315   0.69315

 Columns 561 through 570:

   0.69315   0.69315   0.69315   0.69315   0.69315   0.69315   0.69315   0.69315   0.69315   0.69315

 Columns 571 through 580:

   0.69315   0.69315   0.69315   0.69315   0.69315   0.69315   0.69315   0.69315   0.69315   0.69315

 Columns 581 through 590:

   0.69315   0.69315   0.69315   0.69315   0.69315   0.69315   0.69315   0.69315   0.69315   0.69315

 Columns 591 through 600:

   0.69315   0.69315   0.69315   0.69315   0.69315   0.69315   0.69315   0.69315   0.69315   0.69315

 Columns 601 through 610:

   0.69315   0.69315   0.69315   0.69315   0.69315   0.69315   0.69315   0.69315   0.69315   0.69315

 Columns 611 through 620:

   0.69315   0.69315   0.69315   0.69315   0.69315   0.69315   0.69315   0.69315   0.69315   0.69315

 Columns 621 through 630:

   0.69315   0.69315   0.69315   0.69315   0.69315   0.69315   0.69315   0.69315   0.69315   0.69315

 Columns 631 through 640:

   0.69315   0.69315   0.69315   0.69315   0.69315   0.69315   0.69315   0.69315   0.69315   0.69315

 Columns 641 through 650:

   0.69315   0.69315   0.69315   0.69315   0.69315   0.69315   0.69315   0.69315   0.69315   0.69315

 Columns 651 through 660:

   0.69315   0.69315   0.69315   0.69315   0.69315   0.69315   0.69315   0.69315   0.69315   0.69315

 Columns 661 through 670:

   0.69315   0.69315   0.69315   0.69315   0.69315   0.69315   0.69315   0.69315   0.69315   0.69315

 Columns 671 through 680:

   0.69315   0.69315   0.69315   0.69315   0.69315   0.69315   0.69315   0.69315   0.69315   0.69315

 Columns 681 through 690:

   0.69315   0.69315   0.69315   0.69315   0.69315   0.69315   0.69315   0.69315   0.69315   0.69315

 Columns 691 through 700:

   0.69315   0.69315   0.69315   0.69315   0.69315   0.69315   0.69315   0.69315   0.69315   0.69315

 Columns 701 through 710:

   0.69315   0.69315   0.69315   0.69315   0.69315   0.69315   0.69315   0.69315   0.69315   0.69315

 Columns 711 through 720:

   0.69315   0.69315   0.69315   0.69315   0.69315   0.69315   0.69315   0.69315   0.69315   0.69315

 Columns 721 through 730:

   0.69315   0.69315   0.69315   0.69315   0.69315   0.69315   0.69315   0.69315   0.69315   0.69315

 Columns 731 through 740:

   0.69315   0.69315   0.69315   0.69315   0.69315   0.69315   0.69315   0.69315   0.69315   0.69315

 Columns 741 through 750:

   0.69315   0.69315   0.69315   0.69315   0.69315   0.69315   0.69315   0.69315   0.69315   0.69315

 Columns 751 through 760:

   0.69315   0.69315   0.69315   0.69315   0.69315   0.69315   0.69315   0.69315   0.69315   0.69315

 Columns 761 through 770:

   0.69315   0.69315   0.69315   0.69315   0.69315   0.69315   0.69315   0.69315   0.69315   0.69315

 Columns 771 through 780:

   0.69315   0.69315   0.69315   0.69315   0.69315   0.69315   0.69315   0.69315   0.69315   0.69315

 Columns 781 through 790:

   0.69315   0.69315   0.69315   0.69315   0.69315   0.69315   0.69315   0.69315   0.69315   0.69315

 Columns 791 through 800:

   0.69315   0.69315   0.69315   0.69315   0.69315   0.69315   0.69315   0.69315   0.69315   0.69315

 Columns 801 through 810:

   0.69315   0.69315   0.69315   0.69315   0.69315   0.69315   0.69315   0.69315   0.69315   0.69315

 Columns 811 through 820:

   0.69315   0.69315   0.69315   0.69315   0.69315   0.69315   0.69315   0.69315   0.69315   0.69315

 Columns 821 through 830:

   0.69315   0.69315   0.69315   0.69315   0.69315   0.69315   0.69315   0.69315   0.69315   0.69315

 Columns 831 through 840:

   0.69315   0.69315   0.69315   0.69315   0.69315   0.69315   0.69315   0.69315   0.69315   0.69315

 Columns 841 through 850:

   0.69315   0.69315   0.69315   0.69315   0.69315   0.69315   0.69315   0.69315   0.69315   0.69315

 Columns 851 through 860:

   0.69315   0.69315   0.69315   0.69315   0.69315   0.69315   0.69315   0.69315   0.69315   0.69315

 Columns 861 through 870:

   0.69315   0.69315   0.69315   0.69315   0.69315   0.69315   0.69315   0.69315   0.69315   0.69315

 Columns 871 through 880:

   0.69315   0.69315   0.69315   0.69315   0.69315   0.69315   0.69315   0.69315   0.69315   0.69315

 Columns 881 through 890:

   0.69315   0.69315   0.69315   0.69315   0.69315   0.69315   0.69315   0.69315   0.69315   0.69315

 Columns 891 through 900:

   0.69315   0.69315   0.69315   0.69315   0.69315   0.69315   0.69315   0.69315   0.69315   0.69315

 Columns 901 through 910:

   0.69315   0.69315   0.69315   0.69315   0.69315   0.69315   0.69315   0.69315   0.69315   0.69315

 Columns 911 through 920:

   0.69315   0.69315   0.69315   0.69315   0.69315   0.69315   0.69315   0.69315   0.69315   0.69315

 Columns 921 through 930:

   0.69315   0.69315   0.69315   0.69315   0.69315   0.69315   0.69315   0.69315   0.69315   0.69315

 Columns 931 through 940:

   0.69315   0.69315   0.69315   0.69315   0.69315   0.69315   0.69315   0.69315   0.69315   0.69315

 Columns 941 through 950:

   0.69315   0.69315   0.69315   0.69315   0.69315   0.69315   0.69315   0.69315   0.69315   0.69315

 Columns 951 through 960:

   0.69315   0.69315   0.69315   0.69315   0.69315   0.69315   0.69315   0.69315   0.69315   0.69315

 Columns 961 through 970:

   0.69315   0.69315   0.69315   0.69315   0.69315   0.69315   0.69315   0.69315   0.69315   0.69315

 Columns 971 through 980:

   0.69315   0.69315   0.69315   0.69315   0.69315   0.69315   0.69315   0.69315   0.69315   0.69315

 Columns 981 through 990:

   0.69315   0.69315   0.69315   0.69315   0.69315   0.69315   0.69315   0.69315   0.69315   0.69315

 Columns 991 through 1000:

   0.69315   0.69315   0.69315   0.69315   0.69315   0.69315   0.69315   0.69315   0.69315   0.69315

 Columns 1001 through 1010:

   0.69315   0.69315   0.69315   0.69315   0.69315   0.69315   0.69315   0.69315   0.69315   0.69315

 Columns 1011 through 1020:

   0.69315   0.69315   0.69315   0.69315   0.69315   0.69315   0.69315   0.69315   0.69315   0.69315

 Columns 1021 through 1030:

   0.69315   0.69315   0.69315   0.69315   0.69315   0.69315   0.69315   0.69315   0.69315   0.69315

 Columns 1031 through 1040:

   0.69315   0.69315   0.69315   0.69315   0.69315   0.69315   0.69315   0.69315   0.69315   0.69315

 Columns 1041 through 1050:

   0.69315   0.69315   0.69315   0.69315   0.69315   0.69315   0.69315   0.69315   0.69315   0.69315

 Columns 1051 through 1060:

   0.69315   0.69315   0.69315   0.69315   0.69315   0.69315   0.69315   0.69315   0.69315   0.69315

 Columns 1061 through 1070:

   0.69315   0.69315   0.69315   0.69315   0.69315   0.69315   0.69315   0.69315   0.69315   0.69315

 Columns 1071 through 1080:

   0.69315   0.69315   0.69315   0.69315   0.69315   0.69315   0.69315   0.69315   0.69315   0.69315

 Columns 1081 through 1090:

   0.69315   0.69315   0.69315   0.69315   0.69315   0.69315   0.69315   0.69315   0.69315   0.69315

 Columns 1091 through 1100:

   0.69315   0.69315   0.69315   0.69315   0.69315   0.69315   0.69315   0.69315   0.69315   0.69315

 Columns 1101 through 1110:

   0.69315   0.69315   0.69315   0.69315   0.69315   0.69315   0.69315   0.69315   0.69315   0.69315

 Columns 1111 through 1120:

   0.69315   0.69315   0.69315   0.69315   0.69315   0.69315   0.69315   0.69315   0.69315   0.69315

 Columns 1121 through 1130:

   0.69315   0.69315   0.69315   0.69315   0.69315   0.69315   0.69315   0.69315   0.69315   0.69315

 Columns 1131 through 1140:

   0.69315   0.69315   0.69315   0.69315   0.69315   0.69315   0.69315   0.69315   0.69315   0.69315

 Columns 1141 through 1150:

   0.69315   0.69315   0.69315   0.69315   0.69315   0.69315   0.69315   0.69315   0.69315   0.69315

 Columns 1151 through 1160:

   0.69315   0.69315   0.69315   0.69315   0.69315   0.69315   0.69315   0.69315   0.69315   0.69315

 Columns 1161 through 1170:

   0.69315   0.69315   0.69315   0.69315   0.69315   0.69315   0.69315   0.69315   0.69315   0.69315

 Columns 1171 through 1180:

   0.69315   0.69315   0.69315   0.69315   0.69315   0.69315   0.69315   0.69315   0.69315   0.69315

 Columns 1181 through 1190:

   0.69315   0.69315   0.69315   0.69315   0.69315   0.69315   0.69315   0.69315   0.69315   0.69315

 Columns 1191 through 1200:

   0.69315   0.69315   0.69315   0.69315   0.69315   0.69315   0.69315   0.69315   0.69315   0.69315

 Columns 1201 through 1210:

   0.69315   0.69315   0.69315   0.69315   0.69315   0.69315   0.69315   0.69315   0.69315   0.69315

 Columns 1211 through 1220:

   0.69315   0.69315   0.69315   0.69315   0.69315   0.69315   0.69315   0.69315   0.69315   0.69315

 Columns 1221 through 1230:

   0.69315   0.69315   0.69315   0.69315   0.69315   0.69315   0.69315   0.69315   0.69315   0.69315

 Columns 1231 through 1240:

   0.69315   0.69315   0.69315   0.69315   0.69315   0.69315   0.69315   0.69315   0.69315   0.69315

 Columns 1241 through 1250:

   0.69315   0.69315   0.69315   0.69315   0.69315   0.69315   0.69315   0.69315   0.69315   0.69315

 Columns 1251 through 1260:

   0.69315   0.69315   0.69315   0.69315   0.69315   0.69315   0.69315   0.69315   0.69315   0.69315

 Columns 1261 through 1270:

   0.69315   0.69315   0.69315   0.69315   0.69315   0.69315   0.69315   0.69315   0.69315   0.69315

 Columns 1271 through 1280:

   0.69315   0.69315   0.69315   0.69315   0.69315   0.69315   0.69315   0.69315   0.69315   0.69315

 Columns 1281 through 1290:

   0.69315   0.69315   0.69315   0.69315   0.69315   0.69315   0.69315   0.69315   0.69315   0.69315

 Columns 1291 through 1300:

   0.69315   0.69315   0.69315   0.69315   0.69315   0.69315   0.69315   0.69315   0.69315   0.69315

 Columns 1301 through 1310:

   0.69315   0.69315   0.69315   0.69315   0.69315   0.69315   0.69315   0.69315   0.69315   0.69315

 Columns 1311 through 1320:

   0.69315   0.69315   0.69315   0.69315   0.69315   0.69315   0.69315   0.69315   0.69315   0.69315

 Columns 1321 through 1330:

   0.69315   0.69315   0.69315   0.69315   0.69315   0.69315   0.69315   0.69315   0.69315   0.69315

 Columns 1331 through 1340:

   0.69315   0.69315   0.69315   0.69315   0.69315   0.69315   0.69315   0.69315   0.69315   0.69315

 Columns 1341 through 1350:

   0.69315   0.69315   0.69315   0.69315   0.69315   0.69315   0.69315   0.69315   0.69315   0.69315

 Columns 1351 through 1360:

   0.69315   0.69315   0.69315   0.69315   0.69315   0.69315   0.69315   0.69315   0.69315   0.69315

 Columns 1361 through 1370:

   0.69315   0.69315   0.69315   0.69315   0.69315   0.69315   0.69315   0.69315   0.69315   0.69315

 Columns 1371 through 1380:

   0.69315   0.69315   0.69315   0.69315   0.69315   0.69315   0.69315   0.69315   0.69315   0.69315

 Columns 1381 through 1390:

   0.69315   0.69315   0.69315   0.69315   0.69315   0.69315   0.69315   0.69315   0.69315   0.69315

 Columns 1391 through 1400:

   0.69315   0.69315   0.69315   0.69315   0.69315   0.69315   0.69315   0.69315   0.69315   0.69315

 Columns 1401 through 1410:

   0.69315   0.69315   0.69315   0.69315   0.69315   0.69315   0.69315   0.69315   0.69315   0.69315

 Columns 1411 through 1420:

   0.69315   0.69315   0.69315   0.69315   0.69315   0.69315   0.69315   0.69315   0.69315   0.69315

 Columns 1421 through 1430:

   0.69315   0.69315   0.69315   0.69315   0.69315   0.69315   0.69315   0.69315   0.69315   0.69315

 Columns 1431 through 1440:

   0.69315   0.69315   0.69315   0.69315   0.69315   0.69315   0.69315   0.69315   0.69315   0.69315

 Columns 1441 through 1450:

   0.69315   0.69315   0.69315   0.69315   0.69315   0.69315   0.69315   0.69315   0.69315   0.69315

 Columns 1451 through 1460:

   0.69315   0.69315   0.69315   0.69315   0.69315   0.69315   0.69315   0.69315   0.69315   0.69315

 Columns 1461 through 1470:

   0.69315   0.69315   0.69315   0.69315   0.69315   0.69315   0.69315   0.69315   0.69315   0.69315

 Columns 1471 through 1480:

   0.69315   0.69315   0.69315   0.69315   0.69315   0.69315   0.69315   0.69315   0.69315   0.69315

 Columns 1481 through 1490:

   0.69315   0.69315   0.69315   0.69315   0.69315   0.69315   0.69315   0.69315   0.69315   0.69315

 Columns 1491 through 1500:

   0.69315   0.69315   0.69315   0.69315   0.69315   0.69315   0.69315   0.69315   0.69315   0.69315

 Columns 1501 through 1510:

   0.69315   0.69315   0.69315   0.69315   0.69315   0.69315   0.69315   0.69315   0.69315   0.69315

 Columns 1511 through 1520:

   0.69315   0.69315   0.69315   0.69315   0.69315   0.69315   0.69315   0.69315   0.69315   0.69315

 Columns 1521 through 1530:

   0.69315   0.69315   0.69315   0.69315   0.69315   0.69315   0.69315   0.69315   0.69315   0.69315

 Columns 1531 through 1540:

   0.69315   0.69315   0.69315   0.69315   0.69315   0.69315   0.69315   0.69315   0.69315   0.69315

 Columns 1541 through 1550:

   0.69315   0.69315   0.69315   0.69315   0.69315   0.69315   0.69315   0.69315   0.69315   0.69315

 Columns 1551 through 1560:

   0.69315   0.69315   0.69315   0.69315   0.69315   0.69315   0.69315   0.69315   0.69315   0.69315

 Columns 1561 through 1570:

   0.69315   0.69315   0.69315   0.69315   0.69315   0.69315   0.69315   0.69315   0.69315   0.69315

 Columns 1571 through 1580:

   0.69315   0.69315   0.69315   0.69315   0.69315   0.69315   0.69315   0.69315   0.69315   0.69315

 Columns 1581 through 1590:

   0.69315   0.69315   0.69315   0.69315   0.69315   0.69315   0.69315   0.69315   0.69315   0.69315

 Columns 1591 through 1600:

   0.69315   0.69315   0.69315   0.69315   0.69315   0.69315   0.69315   0.69315   0.69315   0.69315

 Columns 1601 through 1610:

   0.69315   0.69315   0.69315   0.69315   0.69315   0.69315   0.69315   0.69315   0.69315   0.69315

 Columns 1611 through 1620:

   0.69315   0.69315   0.69315   0.69315   0.69315   0.69315   0.69315   0.69315   0.69315   0.69315

 Columns 1621 through 1630:

   0.69315   0.69315   0.69315   0.69315   0.69315   0.69315   0.69315   0.69315   0.69315   0.69315

 Columns 1631 through 1640:

   0.69315   0.69315   0.69315   0.69315   0.69315   0.69315   0.69315   0.69315   0.69315   0.69315

 Columns 1641 through 1650:

   0.69315   0.69315   0.69315   0.69315   0.69315   0.69315   0.69315   0.69315   0.69315   0.69315

 Columns 1651 through 1660:

   0.69315   0.69315   0.69315   0.69315   0.69315   0.69315   0.69315   0.69315   0.69315   0.69315

 Columns 1661 through 1670:

   0.69315   0.69315   0.69315   0.69315   0.69315   0.69315   0.69315   0.69315   0.69315   0.69315

 Columns 1671 through 1680:

   0.69315   0.69315   0.69315   0.69315   0.69315   0.69315   0.69315   0.69315   0.69315   0.69315

 Columns 1681 through 1690:

   0.69315   0.69315   0.69315   0.69315   0.69315   0.69315   0.69315   0.69315   0.69315   0.69315

 Columns 1691 through 1700:

   0.69315   0.69315   0.69315   0.69315   0.69315   0.69315   0.69315   0.69315   0.69315   0.69315

 Columns 1701 through 1710:

   0.69315   0.69315   0.69315   0.69315   0.69315   0.69315   0.69315   0.69315   0.69315   0.69315

 Columns 1711 through 1720:

   0.69315   0.69315   0.69315   0.69315   0.69315   0.69315   0.69315   0.69315   0.69315   0.69315

 Columns 1721 through 1730:

   0.69315   0.69315   0.69315   0.69315   0.69315   0.69315   0.69315   0.69315   0.69315   0.69315

 Columns 1731 through 1740:

   0.69315   0.69315   0.69315   0.69315   0.69315   0.69315   0.69315   0.69315   0.69315   0.69315

 Columns 1741 through 1750:

   0.69315   0.69315   0.69315   0.69315   0.69315   0.69315   0.69315   0.69315   0.69315   0.69315

 Columns 1751 through 1760:

   0.69315   0.69315   0.69315   0.69315   0.69315   0.69315   0.69315   0.69315   0.69315   0.69315

 Columns 1761 through 1770:

   0.69315   0.69315   0.69315   0.69315   0.69315   0.69315   0.69315   0.69315   0.69315   0.69315

 Columns 1771 through 1780:

   0.69315   0.69315   0.69315   0.69315   0.69315   0.69315   0.69315   0.69315   0.69315   0.69315

 Columns 1781 through 1790:

   0.69315   0.69315   0.69315   0.69315   0.69315   0.69315   0.69315   0.69315   0.69315   0.69315

 Columns 1791 through 1800:

   0.69315   0.69315   0.69315   0.69315   0.69315   0.69315   0.69315   0.69315   0.69315   0.69315

 Columns 1801 through 1810:

   0.69315   0.69315   0.69315   0.69315   0.69315   0.69315   0.69315   0.69315   0.69315   0.69315

 Columns 1811 through 1820:

   0.69315   0.69315   0.69315   0.69315   0.69315   0.69315   0.69315   0.69315   0.69315   0.69315

 Columns 1821 through 1830:

   0.69315   0.69315   0.69315   0.69315   0.69315   0.69315   0.69315   0.69315   0.69315   0.69315

 Columns 1831 through 1840:

   0.69315   0.69315   0.69315   0.69315   0.69315   0.69315   0.69315   0.69315   0.69315   0.69315

 Columns 1841 through 1850:

   0.69315   0.69315   0.69315   0.69315   0.69315   0.69315   0.69315   0.69315   0.69315   0.69315

 Columns 1851 through 1860:

   0.69315   0.69315   0.69315   0.69315   0.69315   0.69315   0.69315   0.69315   0.69315   0.69315

 Columns 1861 through 1870:

   0.69315   0.69315   0.69315   0.69315   0.69315   0.69315   0.69315   0.69315   0.69315   0.69315

 Columns 1871 through 1880:

   0.69315   0.69315   0.69315   0.69315   0.69315   0.69315   0.69315   0.69315   0.69315   0.69315

 Columns 1881 through 1890:

   0.69315   0.69315   0.69315   0.69315   0.69315   0.69315   0.69315   0.69315   0.69315   0.69315

 Columns 1891 through 1900:

   0.69315   0.69315   0.69315   0.69315   0.69315   0.69315   0.69315   0.69315   0.69315   0.69315

 Columns 1901 through 1910:

   0.69315   0.69315   0.69315   0.69315   0.69315   0.69315   0.69315   0.69315   0.69315   0.69315

 Columns 1911 through 1920:

   0.69315   0.69315   0.69315   0.69315   0.69315   0.69315   0.69315   0.69315   0.69315   0.69315

 Columns 1921 through 1930:

   0.69315   0.69315   0.69315   0.69315   0.69315   0.69315   0.69315   0.69315   0.69315   0.69315

 Columns 1931 through 1940:

   0.69315   0.69315   0.69315   0.69315   0.69315   0.69315   0.69315   0.69315   0.69315   0.69315

 Columns 1941 through 1950:

   0.69315   0.69315   0.69315   0.69315   0.69315   0.69315   0.69315   0.69315   0.69315   0.69315

 Columns 1951 through 1960:

   0.69315   0.69315   0.69315   0.69315   0.69315   0.69315   0.69315   0.69315   0.69315   0.69315

 Columns 1961 through 1970:

   0.69315   0.69315   0.69315   0.69315   0.69315   0.69315   0.69315   0.69315   0.69315   0.69315

 Columns 1971 through 1980:

   0.69315   0.69315   0.69315   0.69315   0.69315   0.69315   0.69315   0.69315   0.69315   0.69315

 Columns 1981 through 1990:

   0.69315   0.69315   0.69315   0.69315   0.69315   0.69315   0.69315   0.69315   0.69315   0.69315

 Columns 1991 through 2000:

   0.69315   0.69315   0.69315   0.69315   0.69315   0.69315   0.69315   0.69315   0.69315   0.69315

 Columns 2001 through 2010:

   0.69315   0.69315   0.69315   0.69315   0.69315   0.69315   0.69315   0.69315   0.69315   0.69315

 Columns 2011 through 2020:

   0.69315   0.69315   0.69315   0.69315   0.69315   0.69315   0.69315   0.69315   0.69315   0.69315

 Columns 2021 through 2030:

   0.69315   0.69315   0.69315   0.69315   0.69315   0.69315   0.69315   0.69315   0.69315   0.69315

 Columns 2031 through 2040:

   0.69315   0.69315   0.69315   0.69315   0.69315   0.69315   0.69315   0.69315   0.69315   0.69315

 Columns 2041 through 2050:

   0.69315   0.69315   0.69315   0.69315   0.69315   0.69315   0.69315   0.69315   0.69315   0.69315

 Columns 2051 through 2060:

   0.69315   0.69315   0.69315   0.69315   0.69315   0.69315   0.69315   0.69315   0.69315   0.69315

 Columns 2061 through 2070:

   0.69315   0.69315   0.69315   0.69315   0.69315   0.69315   0.69315   0.69315   0.69315   0.69315

 Columns 2071 through 2080:

   0.69315   0.69315   0.69315   0.69315   0.69315   0.69315   0.69315   0.69315   0.69315   0.69315

 Columns 2081 through 2090:

   0.69315   0.69315   0.69315   0.69315   0.69315   0.69315   0.69315   0.69315   0.69315   0.69315

 Columns 2091 through 2100:

   0.69315   0.69315   0.69315   0.69315   0.69315   0.69315   0.69315   0.69315   0.69315   0.69315

 Columns 2101 through 2110:

   0.69315   0.69315   0.69315   0.69315   0.69315   0.69315   0.69315   0.69315   0.69315   0.69315

 Columns 2111 through 2120:

   0.69315   0.69315   0.69315   0.69315   0.69315   0.69315   0.69315   0.69315   0.69315   0.69315

 Columns 2121 through 2130:

   0.69315   0.69315   0.69315   0.69315   0.69315   0.69315   0.69315   0.69315   0.69315   0.69315

 Columns 2131 through 2140:

   0.69315   0.69315   0.69315   0.69315   0.69315   0.69315   0.69315   0.69315   0.69315   0.69315

 Columns 2141 through 2150:

   0.69315   0.69315   0.69315   0.69315   0.69315   0.69315   0.69315   0.69315   0.69315   0.69315

 Columns 2151 through 2160:

   0.69315   0.69315   0.69315   0.69315   0.69315   0.69315   0.69315   0.69315   0.69315   0.69315

 Columns 2161 through 2170:

   0.69315   0.69315   0.69315   0.69315   0.69315   0.69315   0.69315   0.69315   0.69315   0.69315

 Columns 2171 through 2180:

   0.69315   0.69315   0.69315   0.69315   0.69315   0.69315   0.69315   0.69315   0.69315   0.69315

 Columns 2181 through 2190:

   0.69315   0.69315   0.69315   0.69315   0.69315   0.69315   0.69315   0.69315   0.69315   0.69315

 Columns 2191 through 2200:

   0.69315   0.69315   0.69315   0.69315   0.69315   0.69315   0.69315   0.69315   0.69315   0.69315

 Columns 2201 through 2210:

   0.69315   0.69315   0.69315   0.69315   0.69315   0.69315   0.69315   0.69315   0.69315   0.69315

 Columns 2211 through 2220:

   0.69315   0.69315   0.69315   0.69315   0.69315   0.69315   0.69315   0.69315   0.69315   0.69315

 Columns 2221 through 2230:

   0.69315   0.69315   0.69315   0.69315   0.69315   0.69315   0.69315   0.69315   0.69315   0.69315

 Columns 2231 through 2240:

   0.69315   0.69315   0.69315   0.69315   0.69315   0.69315   0.69315   0.69315   0.69315   0.69315

 Columns 2241 through 2250:

   0.69315   0.69315   0.69315   0.69315   0.69315   0.69315   0.69315   0.69315   0.69315   0.69315

 Columns 2251 through 2260:

   0.69315   0.69315   0.69315   0.69315   0.69315   0.69315   0.69315   0.69315   0.69315   0.69315

 Columns 2261 through 2270:

   0.69315   0.69315   0.69315   0.69315   0.69315   0.69315   0.69315   0.69315   0.69315   0.69315

 Columns 2271 through 2280:

   0.69315   0.69315   0.69315   0.69315   0.69315   0.69315   0.69315   0.69315   0.69315   0.69315

 Columns 2281 through 2290:

   0.69315   0.69315   0.69315   0.69315   0.69315   0.69315   0.69315   0.69315   0.69315   0.69315

 Columns 2291 through 2300:

   0.69315   0.69315   0.69315   0.69315   0.69315   0.69315   0.69315   0.69315   0.69315   0.69315

 Columns 2301 through 2310:

   0.69315   0.69315   0.69315   0.69315   0.69315   0.69315   0.69315   0.69315   0.69315   0.69315

 Columns 2311 through 2320:

   0.69315   0.69315   0.69315   0.69315   0.69315   0.69315   0.69315   0.69315   0.69315   0.69315

 Columns 2321 through 2330:

   0.69315   0.69315   0.69315   0.69315   0.69315   0.69315   0.69315   0.69315   0.69315   0.69315

 Columns 2331 through 2340:

   0.69315   0.69315   0.69315   0.69315   0.69315   0.69315   0.69315   0.69315   0.69315   0.69315

 Columns 2341 through 2350:

   0.69315   0.69315   0.69315   0.69315   0.69315   0.69315   0.69315   0.69315   0.69315   0.69315

 Columns 2351 through 2360:

   0.69315   0.69315   0.69315   0.69315   0.69315   0.69315   0.69315   0.69315   0.69315   0.69315

 Columns 2361 through 2370:

   0.69315   0.69315   0.69315   0.69315   0.69315   0.69315   0.69315   0.69315   0.69315   0.69315

 Columns 2371 through 2380:

   0.69315   0.69315   0.69315   0.69315   0.69315   0.69315   0.69315   0.69315   0.69315   0.69315

 Columns 2381 through 2390:

   0.69315   0.69315   0.69315   0.69315   0.69315   0.69315   0.69315   0.69315   0.69315   0.69315

 Columns 2391 through 2400:

   0.69315   0.69315   0.69315   0.69315   0.69315   0.69315   0.69315   0.69315   0.69315   0.69315

 Columns 2401 through 2410:

   0.69315   0.69315   0.69315   0.69315   0.69315   0.69315   0.69315   0.69315   0.69315   0.69315

 Columns 2411 through 2420:

   0.69315   0.69315   0.69315   0.69315   0.69315   0.69315   0.69315   0.69315   0.69315   0.69315

 Columns 2421 through 2430:

   0.69315   0.69315   0.69315   0.69315   0.69315   0.69315   0.69315   0.69315   0.69315   0.69315

 Columns 2431 through 2440:

   0.69315   0.69315   0.69315   0.69315   0.69315   0.69315   0.69315   0.69315   0.69315   0.69315

 Columns 2441 through 2450:

   0.69315   0.69315   0.69315   0.69315   0.69315   0.69315   0.69315   0.69315   0.69315   0.69315

 Columns 2451 through 2460:

   0.69315   0.69315   0.69315   0.69315   0.69315   0.69315   0.69315   0.69315   0.69315   0.69315

 Columns 2461 through 2470:

   0.69315   0.69315   0.69315   0.69315   0.69315   0.69315   0.69315   0.69315   0.69315   0.69315

 Columns 2471 through 2480:

   0.69315   0.69315   0.69315   0.69315   0.69315   0.69315   0.69315   0.69315   0.69315   0.69315

 Columns 2481 through 2490:

   0.69315   0.69315   0.69315   0.69315   0.69315   0.69315   0.69315   0.69315   0.69315   0.69315

 Columns 2491 through 2500:

   0.69315   0.69315   0.69315   0.69315   0.69315   0.69315   0.69315   0.69315   0.69315   0.69315

 Columns 2501 through 2510:

   0.69315   0.69315   0.69315   0.69315   0.69315   0.69315   0.69315   0.69315   0.69315   0.69315

 Columns 2511 through 2520:

   0.69315   0.69315   0.69315   0.69315   0.69315   0.69315   0.69315   0.69315   0.69315   0.69315

 Columns 2521 through 2530:

   0.69315   0.69315   0.69315   0.69315   0.69315   0.69315   0.69315   0.69315   0.69315   0.69315

 Columns 2531 through 2540:

   0.69315   0.69315   0.69315   0.69315   0.69315   0.69315   0.69315   0.69315   0.69315   0.69315

 Columns 2541 through 2550:

   0.69315   0.69315   0.69315   0.69315   0.69315   0.69315   0.69315   0.69315   0.69315   0.69315

 Columns 2551 through 2560:

   0.69315   0.69315   0.69315   0.69315   0.69315   0.69315   0.69315   0.69315   0.69315   0.69315

 Columns 2561 through 2570:

   0.69315   0.69315   0.69315   0.69315   0.69315   0.69315   0.69315   0.69315   0.69315   0.69315

 Columns 2571 through 2580:

   0.69315   0.69315   0.69315   0.69315   0.69315   0.69315   0.69315   0.69315   0.69315   0.69315

 Columns 2581 through 2590:

   0.69315   0.69315   0.69315   0.69315   0.69315   0.69315   0.69315   0.69315   0.69315   0.69315

 Columns 2591 through 2600:

   0.69315   0.69315   0.69315   0.69315   0.69315   0.69315   0.69315   0.69315   0.69315   0.69315

 Columns 2601 through 2610:

   0.69315   0.69315   0.69315   0.69315   0.69315   0.69315   0.69315   0.69315   0.69315   0.69315

 Columns 2611 through 2620:

   0.69315   0.69315   0.69315   0.69315   0.69315   0.69315   0.69315   0.69315   0.69315   0.69315

 Columns 2621 through 2630:

   0.69315   0.69315   0.69315   0.69315   0.69315   0.69315   0.69315   0.69315   0.69315   0.69315

 Columns 2631 through 2640:

   0.69315   0.69315   0.69315   0.69315   0.69315   0.69315   0.69315   0.69315   0.69315   0.69315

 Columns 2641 through 2650:

   0.69315   0.69315   0.69315   0.69315   0.69315   0.69315   0.69315   0.69315   0.69315   0.69315

 Columns 2651 through 2660:

   0.69315   0.69315   0.69315   0.69315   0.69315   0.69315   0.69315   0.69315   0.69315   0.69315

 Columns 2661 through 2670:

   0.69315   0.69315   0.69315   0.69315   0.69315   0.69315   0.69315   0.69315   0.69315   0.69315

 Columns 2671 through 2680:

   0.69315   0.69315   0.69315   0.69315   0.69315   0.69315   0.69315   0.69315   0.69315   0.69315

 Columns 2681 through 2690:

   0.69315   0.69315   0.69315   0.69315   0.69315   0.69315   0.69315   0.69315   0.69315   0.69315

 Columns 2691 through 2700:

   0.69315   0.69315   0.69315   0.69315   0.69315   0.69315   0.69315   0.69315   0.69315   0.69315

 Columns 2701 through 2710:

   0.69315   0.69315   0.69315   0.69315   0.69315   0.69315   0.69315   0.69315   0.69315   0.69315

 Columns 2711 through 2720:

   0.69315   0.69315   0.69315   0.69315   0.69315   0.69315   0.69315   0.69315   0.69315   0.69315

 Columns 2721 through 2730:

   0.69315   0.69315   0.69315   0.69315   0.69315   0.69315   0.69315   0.69315   0.69315   0.69315

 Columns 2731 through 2740:

   0.69315   0.69315   0.69315   0.69315   0.69315   0.69315   0.69315   0.69315   0.69315   0.69315

 Columns 2741 through 2750:

   0.69315   0.69315   0.69315   0.69315   0.69315   0.69315   0.69315   0.69315   0.69315   0.69315

 Columns 2751 through 2760:

   0.69315   0.69315   0.69315   0.69315   0.69315   0.69315   0.69315   0.69315   0.69315   0.69315

 Columns 2761 through 2770:

   0.69315   0.69315   0.69315   0.69315   0.69315   0.69315   0.69315   0.69315   0.69315   0.69315

 Columns 2771 through 2780:

   0.69315   0.69315   0.69315   0.69315   0.69315   0.69315   0.69315   0.69315   0.69315   0.69315

 Columns 2781 through 2790:

   0.69315   0.69315   0.69315   0.69315   0.69315   0.69315   0.69315   0.69315   0.69315   0.69315

 Columns 2791 through 2800:

   0.69315   0.69315   0.69315   0.69315   0.69315   0.69315   0.69315   0.69315   0.69315   0.69315

 Columns 2801 through 2810:

   0.69315   0.69315   0.69315   0.69315   0.69315   0.69315   0.69315   0.69315   0.69315   0.69315

 Columns 2811 through 2820:

   0.69315   0.69315   0.69315   0.69315   0.69315   0.69315   0.69315   0.69315   0.69315   0.69315

 Columns 2821 through 2830:

   0.69315   0.69315   0.69315   0.69315   0.69315   0.69315   0.69315   0.69315   0.69315   0.69315

 Columns 2831 through 2840:

   0.69315   0.69315   0.69315   0.69315   0.69315   0.69315   0.69315   0.69315   0.69315   0.69315

 Columns 2841 through 2850:

   0.69315   0.69315   0.69315   0.69315   0.69315   0.69315   0.69315   0.69315   0.69315   0.69315

 Columns 2851 through 2860:

   0.69315   0.69315   0.69315   0.69315   0.69315   0.69315   0.69315   0.69315   0.69315   0.69315

 Columns 2861 through 2870:

   0.69315   0.69315   0.69315   0.69315   0.69315   0.69315   0.69315   0.69315   0.69315   0.69315

 Columns 2871 through 2880:

   0.69315   0.69315   0.69315   0.69315   0.69315   0.69315   0.69315   0.69315   0.69315   0.69315

 Columns 2881 through 2890:

   0.69315   0.69315   0.69315   0.69315   0.69315   0.69315   0.69315   0.69315   0.69315   0.69315

 Columns 2891 through 2900:

   0.69315   0.69315   0.69315   0.69315   0.69315   0.69315   0.69315   0.69315   0.69315   0.69315

 Columns 2901 through 2910:

   0.69315   0.69315   0.69315   0.69315   0.69315   0.69315   0.69315   0.69315   0.69315   0.69315

 Columns 2911 through 2920:

   0.69315   0.69315   0.69315   0.69315   0.69315   0.69315   0.69315   0.69315   0.69315   0.69315

 Columns 2921 through 2930:

   0.69315   0.69315   0.69315   0.69315   0.69315   0.69315   0.69315   0.69315   0.69315   0.69315

 Columns 2931 through 2940:

   0.69315   0.69315   0.69315   0.69315   0.69315   0.69315   0.69315   0.69315   0.69315   0.69315

 Columns 2941 through 2950:

   0.69315   0.69315   0.69315   0.69315   0.69315   0.69315   0.69315   0.69315   0.69315   0.69315

 Columns 2951 through 2960:

   0.69315   0.69315   0.69315   0.69315   0.69315   0.69315   0.69315   0.69315   0.69315   0.69315

 Columns 2961 through 2970:

   0.69315   0.69315   0.69315   0.69315   0.69315   0.69315   0.69315   0.69315   0.69315   0.69315

 Columns 2971 through 2980:

   0.69315   0.69315   0.69315   0.69315   0.69315   0.69315   0.69315   0.69315   0.69315   0.69315

 Columns 2981 through 2990:

   0.69315   0.69315   0.69315   0.69315   0.69315   0.69315   0.69315   0.69315   0.69315   0.69315

 Columns 2991 through 3000:

   0.69315   0.69315   0.69315   0.69315   0.69315   0.69315   0.69315   0.69315   0.69315   0.69315

 Columns 3001 through 3010:

   0.69315   0.69315   0.69315   0.69315   0.69315   0.69315   0.69315   0.69315   0.69315   0.69315

 Columns 3011 through 3020:

   0.69315   0.69315   0.69315   0.69315   0.69315   0.69315   0.69315   0.69315   0.69315   0.69315

 Columns 3021 through 3030:

   0.69315   0.69315   0.69315   0.69315   0.69315   0.69315   0.69315   0.69315   0.69315   0.69315

 Columns 3031 through 3040:

   0.69315   0.69315   0.69315   0.69315   0.69315   0.69315   0.69315   0.69315   0.69315   0.69315

 Columns 3041 through 3050:

   0.69315   0.69315   0.69315   0.69315   0.69315   0.69315   0.69315   0.69315   0.69315   0.69315

 Columns 3051 through 3060:

   0.69315   0.69315   0.69315   0.69315   0.69315   0.69315   0.69315   0.69315   0.69315   0.69315

 Columns 3061 through 3070:

   0.69315   0.69315   0.69315   0.69315   0.69315   0.69315   0.69315   0.69315   0.69315   0.69315

 Columns 3071 through 3080:

   0.69315   0.69315   0.69315   0.69315   0.69315   0.69315   0.69315   0.69315   0.69315   0.69315

 Columns 3081 through 3090:

   0.69315   0.69315   0.69315   0.69315   0.69315   0.69315   0.69315   0.69315   0.69315   0.69315

 Columns 3091 through 3100:

   0.69315   0.69315   0.69315   0.69315   0.69315   0.69315   0.69315   0.69315   0.69315   0.69315

 Columns 3101 through 3110:

   0.69315   0.69315   0.69315   0.69315   0.69315   0.69315   0.69315   0.69315   0.69315   0.69315

 Columns 3111 through 3120:

   0.69315   0.69315   0.69315   0.69315   0.69315   0.69315   0.69315   0.69315   0.69315   0.69315

 Columns 3121 through 3130:

   0.69315   0.69315   0.69315   0.69315   0.69315   0.69315   0.69315   0.69315   0.69315   0.69315

 Columns 3131 through 3140:

   0.69315   0.69315   0.69315   0.69315   0.69315   0.69315   0.69315   0.69315   0.69315   0.69315

 Columns 3141 through 3150:

   0.69315   0.69315   0.69315   0.69315   0.69315   0.69315   0.69315   0.69315   0.69315   0.69315

 Columns 3151 through 3160:

   0.69315   0.69315   0.69315   0.69315   0.69315   0.69315   0.69315   0.69315   0.69315   0.69315

 Columns 3161 through 3170:

   0.69315   0.69315   0.69315   0.69315   0.69315   0.69315   0.69315   0.69315   0.69315   0.69315

 Columns 3171 through 3180:

   0.69315   0.69315   0.69315   0.69315   0.69315   0.69315   0.69315   0.69315   0.69315   0.69315

 Columns 3181 through 3190:

   0.69315   0.69315   0.69315   0.69315   0.69315   0.69315   0.69315   0.69315   0.69315   0.69315

 Columns 3191 through 3200:

   0.69315   0.69315   0.69315   0.69315   0.69315   0.69315   0.69315   0.69315   0.69315   0.69315

 Columns 3201 through 3210:

   0.69315   0.69315   0.69315   0.69315   0.69315   0.69315   0.69315   0.69315   0.69315   0.69315

 Columns 3211 through 3220:

   0.69315   0.69315   0.69315   0.69315   0.69315   0.69315   0.69315   0.69315   0.69315   0.69315

 Columns 3221 through 3230:

   0.69315   0.69315   0.69315   0.69315   0.69315   0.69315   0.69315   0.69315   0.69315   0.69315

 Columns 3231 through 3240:

   0.69315   0.69315   0.69315   0.69315   0.69315   0.69315   0.69315   0.69315   0.69315   0.69315

 Columns 3241 through 3250:

   0.69315   0.69315   0.69315   0.69315   0.69315   0.69315   0.69315   0.69315   0.69315   0.69315

 Columns 3251 through 3260:

   0.69315   0.69315   0.69315   0.69315   0.69315   0.69315   0.69315   0.69315   0.69315   0.69315

 Columns 3261 through 3270:

   0.69315   0.69315   0.69315   0.69315   0.69315   0.69315   0.69315   0.69315   0.69315   0.69315

 Columns 3271 through 3280:

   0.69315   0.69315   0.69315   0.69315   0.69315   0.69315   0.69315   0.69315   0.69315   0.69315

 Columns 3281 through 3290:

   0.69315   0.69315   0.69315   0.69315   0.69315   0.69315   0.69315   0.69315   0.69315   0.69315

 Columns 3291 through 3300:

   0.69315   0.69315   0.69315   0.69315   0.69315   0.69315   0.69315   0.69315   0.69315   0.69315

 Columns 3301 through 3310:

   0.69315   0.69315   0.69315   0.69315   0.69315   0.69315   0.69315   0.69315   0.69315   0.69315

 Columns 3311 through 3320:

   0.69315   0.69315   0.69315   0.69315   0.69315   0.69315   0.69315   0.69315   0.69315   0.69315

 Columns 3321 through 3330:

   0.69315   0.69315   0.69315   0.69315   0.69315   0.69315   0.69315   0.69315   0.69315   0.69315

 Columns 3331 through 3340:

   0.69315   0.69315   0.69315   0.69315   0.69315   0.69315   0.69315   0.69315   0.69315   0.69315

 Columns 3341 through 3350:

   0.69315   0.69315   0.69315   0.69315   0.69315   0.69315   0.69315   0.69315   0.69315   0.69315

 Columns 3351 through 3360:

   0.69315   0.69315   0.69315   0.69315   0.69315   0.69315   0.69315   0.69315   0.69315   0.69315

 Columns 3361 through 3370:

   0.69315   0.69315   0.69315   0.69315   0.69315   0.69315   0.69315   0.69315   0.69315   0.69315

 Columns 3371 through 3380:

   0.69315   0.69315   0.69315   0.69315   0.69315   0.69315   0.69315   0.69315   0.69315   0.69315

 Columns 3381 through 3390:

   0.69315   0.69315   0.69315   0.69315   0.69315   0.69315   0.69315   0.69315   0.69315   0.69315

 Columns 3391 through 3400:

   0.69315   0.69315   0.69315   0.69315   0.69315   0.69315   0.69315   0.69315   0.69315   0.69315

 Columns 3401 through 3410:

   0.69315   0.69315   0.69315   0.69315   0.69315   0.69315   0.69315   0.69315   0.69315   0.69315

 Columns 3411 through 3420:

   0.69315   0.69315   0.69315   0.69315   0.69315   0.69315   0.69315   0.69315   0.69315   0.69315

 Columns 3421 through 3430:

   0.69315   0.69315   0.69315   0.69315   0.69315   0.69315   0.69315   0.69315   0.69315   0.69315

 Columns 3431 through 3440:

   0.69315   0.69315   0.69315   0.69315   0.69315   0.69315   0.69315   0.69315   0.69315   0.69315

 Columns 3441 through 3450:

   0.69315   0.69315   0.69315   0.69315   0.69315   0.69315   0.69315   0.69315   0.69315   0.69315

 Columns 3451 through 3460:

   0.69315   0.69315   0.69315   0.69315   0.69315   0.69315   0.69315   0.69315   0.69315   0.69315

 Columns 3461 through 3470:

   0.69315   0.69315   0.69315   0.69315   0.69315   0.69315   0.69315   0.69315   0.69315   0.69315

 Columns 3471 through 3480:

   0.69315   0.69315   0.69315   0.69315   0.69315   0.69315   0.69315   0.69315   0.69315   0.69315

 Columns 3481 through 3490:

   0.69315   0.69315   0.69315   0.69315   0.69315   0.69315   0.69315   0.69315   0.69315   0.69315

 Columns 3491 through 3500:

   0.69315   0.69315   0.69315   0.69315   0.69315   0.69315   0.69315   0.69315   0.69315   0.69315

 Columns 3501 through 3510:

   0.69315   0.69315   0.69315   0.69315   0.69315   0.69315   0.69315   0.69315   0.69315   0.69315

 Columns 3511 through 3520:

   0.69315   0.69315   0.69315   0.69315   0.69315   0.69315   0.69315   0.69315   0.69315   0.69315

 Columns 3521 through 3530:

   0.69315   0.69315   0.69315   0.69315   0.69315   0.69315   0.69315   0.69315   0.69315   0.69315

 Columns 3531 through 3540:

   0.69315   0.69315   0.69315   0.69315   0.69315   0.69315   0.69315   0.69315   0.69315   0.69315

 Columns 3541 through 3550:

   0.69315   0.69315   0.69315   0.69315   0.69315   0.69315   0.69315   0.69315   0.69315   0.69315

 Columns 3551 through 3560:

   0.69315   0.69315   0.69315   0.69315   0.69315   0.69315   0.69315   0.69315   0.69315   0.69315

 Columns 3561 through 3570:

   0.69315   0.69315   0.69315   0.69315   0.69315   0.69315   0.69315   0.69315   0.69315   0.69315

 Columns 3571 through 3580:

   0.69315   0.69315   0.69315   0.69315   0.69315   0.69315   0.69315   0.69315   0.69315   0.69315

 Columns 3581 through 3590:

   0.69315   0.69315   0.69315   0.69315   0.69315   0.69315   0.69315   0.69315   0.69315   0.69315

 Columns 3591 through 3600:

   0.69315   0.69315   0.69315   0.69315   0.69315   0.69315   0.69315   0.69315   0.69315   0.69315

 Columns 3601 through 3610:

   0.69315   0.69315   0.69315   0.69315   0.69315   0.69315   0.69315   0.69315   0.69315   0.69315

 Columns 3611 through 3620:

   0.69315   0.69315   0.69315   0.69315   0.69315   0.69315   0.69315   0.69315   0.69315   0.69315

 Columns 3621 through 3630:

   0.69315   0.69315   0.69315   0.69315   0.69315   0.69315   0.69315   0.69315   0.69315   0.69315

 Columns 3631 through 3640:

   0.69315   0.69315   0.69315   0.69315   0.69315   0.69315   0.69315   0.69315   0.69315   0.69315

 Columns 3641 through 3650:

   0.69315   0.69315   0.69315   0.69315   0.69315   0.69315   0.69315   0.69315   0.69315   0.69315

 Columns 3651 through 3660:

   0.69315   0.69315   0.69315   0.69315   0.69315   0.69315   0.69315   0.69315   0.69315   0.69315

 Columns 3661 through 3670:

   0.69315   0.69315   0.69315   0.69315   0.69315   0.69315   0.69315   0.69315   0.69315   0.69315

 Columns 3671 through 3680:

   0.69315   0.69315   0.69315   0.69315   0.69315   0.69315   0.69315   0.69315   0.69315   0.69315

 Columns 3681 through 3690:

   0.69315   0.69315   0.69315   0.69315   0.69315   0.69315   0.69315   0.69315   0.69315   0.69315

 Columns 3691 through 3700:

   0.69315   0.69315   0.69315   0.69315   0.69315   0.69315   0.69315   0.69315   0.69315   0.69315

 Columns 3701 through 3710:

   0.69315   0.69315   0.69315   0.69315   0.69315   0.69315   0.69315   0.69315   0.69315   0.69315

 Columns 3711 through 3720:

   0.69315   0.69315   0.69315   0.69315   0.69315   0.69315   0.69315   0.69315   0.69315   0.69315

 Columns 3721 through 3730:

   0.69315   0.69315   0.69315   0.69315   0.69315   0.69315   0.69315   0.69315   0.69315   0.69315

 Columns 3731 through 3740:

   0.69315   0.69315   0.69315   0.69315   0.69315   0.69315   0.69315   0.69315   0.69315   0.69315

 Columns 3741 through 3750:

   0.69315   0.69315   0.69315   0.69315   0.69315   0.69315   0.69315   0.69315   0.69315   0.69315

 Columns 3751 through 3760:

   0.69315   0.69315   0.69315   0.69315   0.69315   0.69315   0.69315   0.69315   0.69315   0.69315

 Columns 3761 through 3770:

   0.69315   0.69315   0.69315   0.69315   0.69315   0.69315   0.69315   0.69315   0.69315   0.69315

 Columns 3771 through 3780:

   0.69315   0.69315   0.69315   0.69315   0.69315   0.69315   0.69315   0.69315   0.69315   0.69315

 Columns 3781 through 3790:

   0.69315   0.69315   0.69315   0.69315   0.69315   0.69315   0.69315   0.69315   0.69315   0.69315

 Columns 3791 through 3800:

   0.69315   0.69315   0.69315   0.69315   0.69315   0.69315   0.69315   0.69315   0.69315   0.69315

 Columns 3801 through 3810:

   0.69315   0.69315   0.69315   0.69315   0.69315   0.69315   0.69315   0.69315   0.69315   0.69315

 Columns 3811 through 3820:

   0.69315   0.69315   0.69315   0.69315   0.69315   0.69315   0.69315   0.69315   0.69315   0.69315

 Columns 3821 through 3830:

   0.69315   0.69315   0.69315   0.69315   0.69315   0.69315   0.69315   0.69315   0.69315   0.69315

 Columns 3831 through 3840:

   0.69315   0.69315   0.69315   0.69315   0.69315   0.69315   0.69315   0.69315   0.69315   0.69315

 Columns 3841 through 3850:

   0.69315   0.69315   0.69315   0.69315   0.69315   0.69315   0.69315   0.69315   0.69315   0.69315

 Columns 3851 through 3860:

   0.69315   0.69315   0.69315   0.69315   0.69315   0.69315   0.69315   0.69315   0.69315   0.69315

 Columns 3861 through 3870:

   0.69315   0.69315   0.69315   0.69315   0.69315   0.69315   0.69315   0.69315   0.69315   0.69315

 Columns 3871 through 3880:

   0.69315   0.69315   0.69315   0.69315   0.69315   0.69315   0.69315   0.69315   0.69315   0.69315

 Columns 3881 through 3890:

   0.69315   0.69315   0.69315   0.69315   0.69315   0.69315   0.69315   0.69315   0.69315   0.69315

 Columns 3891 through 3900:

   0.69315   0.69315   0.69315   0.69315   0.69315   0.69315   0.69315   0.69315   0.69315   0.69315

 Columns 3901 through 3910:

   0.69315   0.69315   0.69315   0.69315   0.69315   0.69315   0.69315   0.69315   0.69315   0.69315

 Columns 3911 through 3920:

   0.69315   0.69315   0.69315   0.69315   0.69315   0.69315   0.69315   0.69315   0.69315   0.69315

 Columns 3921 through 3930:

   0.69315   0.69315   0.69315   0.69315   0.69315   0.69315   0.69315   0.69315   0.69315   0.69315

 Columns 3931 through 3940:

   0.69315   0.69315   0.69315   0.69315   0.69315   0.69315   0.69315   0.69315   0.69315   0.69315

 Columns 3941 through 3950:

   0.69315   0.69315   0.69315   0.69315   0.69315   0.69315   0.69315   0.69315   0.69315   0.69315

 Columns 3951 through 3960:

   0.69315   0.69315   0.69315   0.69315   0.69315   0.69315   0.69315   0.69315   0.69315   0.69315

 Columns 3961 through 3970:

   0.69315   0.69315   0.69315   0.69315   0.69315   0.69315   0.69315   0.69315   0.69315   0.69315

 Columns 3971 through 3980:

   0.69315   0.69315   0.69315   0.69315   0.69315   0.69315   0.69315   0.69315   0.69315   0.69315

 Columns 3981 through 3990:

   0.69315   0.69315   0.69315   0.69315   0.69315   0.69315   0.69315   0.69315   0.69315   0.69315

 Columns 3991 through 4000:

   0.69315   0.69315   0.69315   0.69315   0.69315   0.69315   0.69315   0.69315   0.69315   0.69315

 Columns 4001 through 4010:

   0.69315   0.69315   0.69315   0.69315   0.69315   0.69315   0.69315   0.69315   0.69315   0.69315

 Columns 4011 through 4020:

   0.69315   0.69315   0.69315   0.69315   0.69315   0.69315   0.69315   0.69315   0.69315   0.69315

 Columns 4021 through 4030:

   0.69315   0.69315   0.69315   0.69315   0.69315   0.69315   0.69315   0.69315   0.69315   0.69315

 Columns 4031 through 4040:

   0.69315   0.69315   0.69315   0.69315   0.69315   0.69315   0.69315   0.69315   0.69315   0.69315

 Columns 4041 through 4050:

   0.69315   0.69315   0.69315   0.69315   0.69315   0.69315   0.69315   0.69315   0.69315   0.69315

 Columns 4051 through 4060:

   0.69315   0.69315   0.69315   0.69315   0.69315   0.69315   0.69315   0.69315   0.69315   0.69315

 Columns 4061 through 4070:

   0.69315   0.69315   0.69315   0.69315   0.69315   0.69315   0.69315   0.69315   0.69315   0.69315

 Columns 4071 through 4080:

   0.69315   0.69315   0.69315   0.69315   0.69315   0.69315   0.69315   0.69315   0.69315   0.69315

 Columns 4081 through 4090:

   0.69315   0.69315   0.69315   0.69315   0.69315   0.69315   0.69315   0.69315   0.69315   0.69315

 Columns 4091 through 4100:

   0.69315   0.69315   0.69315   0.69315   0.69315   0.69315   0.69315   0.69315   0.69315   0.69315

 Columns 4101 through 4110:

   0.69315   0.69315   0.69315   0.69315   0.69315   0.69315   0.69315   0.69315   0.69315   0.69315

 Columns 4111 through 4120:

   0.69315   0.69315   0.69315   0.69315   0.69315   0.69315   0.69315   0.69315   0.69315   0.69315

 Columns 4121 through 4130:

   0.69315   0.69315   0.69315   0.69315   0.69315   0.69315   0.69315   0.69315   0.69315   0.69315

 Columns 4131 through 4140:

   0.69315   0.69315   0.69315   0.69315   0.69315   0.69315   0.69315   0.69315   0.69315   0.69315

 Columns 4141 through 4150:

   0.69315   0.69315   0.69315   0.69315   0.69315   0.69315   0.69315   0.69315   0.69315   0.69315

 Columns 4151 through 4160:

   0.69315   0.69315   0.69315   0.69315   0.69315   0.69315   0.69315   0.69315   0.69315   0.69315

 Columns 4161 through 4170:

   0.69315   0.69315   0.69315   0.69315   0.69315   0.69315   0.69315   0.69315   0.69315   0.69315

 Columns 4171 through 4180:

   0.69315   0.69315   0.69315   0.69315   0.69315   0.69315   0.69315   0.69315   0.69315   0.69315

 Columns 4181 through 4190:

   0.69315   0.69315   0.69315   0.69315   0.69315   0.69315   0.69315   0.69315   0.69315   0.69315

 Columns 4191 through 4200:

   0.69315   0.69315   0.69315   0.69315   0.69315   0.69315   0.69315   0.69315   0.69315   0.69315

 Columns 4201 through 4210:

   0.69315   0.69315   0.69315   0.69315   0.69315   0.69315   0.69315   0.69315   0.69315   0.69315

 Columns 4211 through 4220:

   0.69315   0.69315   0.69315   0.69315   0.69315   0.69315   0.69315   0.69315   0.69315   0.69315

 Columns 4221 through 4230:

   0.69315   0.69315   0.69315   0.69315   0.69315   0.69315   0.69315   0.69315   0.69315   0.69315

 Columns 4231 through 4240:

   0.69315   0.69315   0.69315   0.69315   0.69315   0.69315   0.69315   0.69315   0.69315   0.69315

 Columns 4241 through 4250:

   0.69315   0.69315   0.69315   0.69315   0.69315   0.69315   0.69315   0.69315   0.69315   0.69315

 Columns 4251 through 4260:

   0.69315   0.69315   0.69315   0.69315   0.69315   0.69315   0.69315   0.69315   0.69315   0.69315

 Columns 4261 through 4270:

   0.69315   0.69315   0.69315   0.69315   0.69315   0.69315   0.69315   0.69315   0.69315   0.69315

 Columns 4271 through 4280:

   0.69315   0.69315   0.69315   0.69315   0.69315   0.69315   0.69315   0.69315   0.69315   0.69315

 Columns 4281 through 4290:

   0.69315   0.69315   0.69315   0.69315   0.69315   0.69315   0.69315   0.69315   0.69315   0.69315

 Columns 4291 through 4300:

   0.69315   0.69315   0.69315   0.69315   0.69315   0.69315   0.69315   0.69315   0.69315   0.69315

 Columns 4301 through 4310:

   0.69315   0.69315   0.69315   0.69315   0.69315   0.69315   0.69315   0.69315   0.69315   0.69315

 Columns 4311 through 4320:

   0.69315   0.69315   0.69315   0.69315   0.69315   0.69315   0.69315   0.69315   0.69315   0.69315

 Columns 4321 through 4330:

   0.69315   0.69315   0.69315   0.69315   0.69315   0.69315   0.69315   0.69315   0.69315   0.69315

 Columns 4331 through 4340:

   0.69315   0.69315   0.69315   0.69315   0.69315   0.69315   0.69315   0.69315   0.69315   0.69315

 Columns 4341 through 4350:

   0.69315   0.69315   0.69315   0.69315   0.69315   0.69315   0.69315   0.69315   0.69315   0.69315

 Columns 4351 through 4360:

   0.69315   0.69315   0.69315   0.69315   0.69315   0.69315   0.69315   0.69315   0.69315   0.69315

 Columns 4361 through 4370:

   0.69315   0.69315   0.69315   0.69315   0.69315   0.69315   0.69315   0.69315   0.69315   0.69315

 Columns 4371 through 4380:

   0.69315   0.69315   0.69315   0.69315   0.69315   0.69315   0.69315   0.69315   0.69315   0.69315

 Columns 4381 through 4390:

   0.69315   0.69315   0.69315   0.69315   0.69315   0.69315   0.69315   0.69315   0.69315   0.69315

 Columns 4391 through 4400:

   0.69315   0.69315   0.69315   0.69315   0.69315   0.69315   0.69315   0.69315   0.69315   0.69315

 Columns 4401 through 4410:

   0.69315   0.69315   0.69315   0.69315   0.69315   0.69315   0.69315   0.69315   0.69315   0.69315

 Columns 4411 through 4420:

   0.69315   0.69315   0.69315   0.69315   0.69315   0.69315   0.69315   0.69315   0.69315   0.69315

 Columns 4421 through 4430:

   0.69315   0.69315   0.69315   0.69315   0.69315   0.69315   0.69315   0.69315   0.69315   0.69315

 Columns 4431 through 4440:

   0.69315   0.69315   0.69315   0.69315   0.69315   0.69315   0.69315   0.69315   0.69315   0.69315

 Columns 4441 through 4450:

   0.69315   0.69315   0.69315   0.69315   0.69315   0.69315   0.69315   0.69315   0.69315   0.69315

 Columns 4451 through 4460:

   0.69315   0.69315   0.69315   0.69315   0.69315   0.69315   0.69315   0.69315   0.69315   0.69315

 Columns 4461 through 4470:

   0.69315   0.69315   0.69315   0.69315   0.69315   0.69315   0.69315   0.69315   0.69315   0.69315

 Columns 4471 through 4480:

   0.69315   0.69315   0.69315   0.69315   0.69315   0.69315   0.69315   0.69315   0.69315   0.69315

 Columns 4481 through 4490:

   0.69315   0.69315   0.69315   0.69315   0.69315   0.69315   0.69315   0.69315   0.69315   0.69315

 Columns 4491 through 4500:

   0.69315   0.69315   0.69315   0.69315   0.69315   0.69315   0.69315   0.69315   0.69315   0.69315

 Columns 4501 through 4510:

   0.69315   0.69315   0.69315   0.69315   0.69315   0.69315   0.69315   0.69315   0.69315   0.69315

 Columns 4511 through 4520:

   0.69315   0.69315   0.69315   0.69315   0.69315   0.69315   0.69315   0.69315   0.69315   0.69315

 Columns 4521 through 4530:

   0.69315   0.69315   0.69315   0.69315   0.69315   0.69315   0.69315   0.69315   0.69315   0.69315

 Columns 4531 through 4540:

   0.69315   0.69315   0.69315   0.69315   0.69315   0.69315   0.69315   0.69315   0.69315   0.69315

 Columns 4541 through 4550:

   0.69315   0.69315   0.69315   0.69315   0.69315   0.69315   0.69315   0.69315   0.69315   0.69315

 Columns 4551 through 4560:

   0.69315   0.69315   0.69315   0.69315   0.69315   0.69315   0.69315   0.69315   0.69315   0.69315

 Columns 4561 through 4570:

   0.69315   0.69315   0.69315   0.69315   0.69315   0.69315   0.69315   0.69315   0.69315   0.69315

 Columns 4571 through 4580:

   0.69315   0.69315   0.69315   0.69315   0.69315   0.69315   0.69315   0.69315   0.69315   0.69315

 Columns 4581 through 4590:

   0.69315   0.69315   0.69315   0.69315   0.69315   0.69315   0.69315   0.69315   0.69315   0.69315

 Columns 4591 through 4600:

   0.69315   0.69315   0.69315   0.69315   0.69315   0.69315   0.69315   0.69315   0.69315   0.69315

 Columns 4601 through 4610:

   0.69315   0.69315   0.69315   0.69315   0.69315   0.69315   0.69315   0.69315   0.69315   0.69315

 Columns 4611 through 4620:

   0.69315   0.69315   0.69315   0.69315   0.69315   0.69315   0.69315   0.69315   0.69315   0.69315

 Columns 4621 through 4630:

   0.69315   0.69315   0.69315   0.69315   0.69315   0.69315   0.69315   0.69315   0.69315   0.69315

 Columns 4631 through 4640:

   0.69315   0.69315   0.69315   0.69315   0.69315   0.69315   0.69315   0.69315   0.69315   0.69315

 Columns 4641 through 4650:

   0.69315   0.69315   0.69315   0.69315   0.69315   0.69315   0.69315   0.69315   0.69315   0.69315

 Columns 4651 through 4660:

   0.69315   0.69315   0.69315   0.69315   0.69315   0.69315   0.69315   0.69315   0.69315   0.69315

 Columns 4661 through 4670:

   0.69315   0.69315   0.69315   0.69315   0.69315   0.69315   0.69315   0.69315   0.69315   0.69315

 Columns 4671 through 4680:

   0.69315   0.69315   0.69315   0.69315   0.69315   0.69315   0.69315   0.69315   0.69315   0.69315

 Columns 4681 through 4690:

   0.69315   0.69315   0.69315   0.69315   0.69315   0.69315   0.69315   0.69315   0.69315   0.69315

 Columns 4691 through 4700:

   0.69315   0.69315   0.69315   0.69315   0.69315   0.69315   0.69315   0.69315   0.69315   0.69315

 Columns 4701 through 4710:

   0.69315   0.69315   0.69315   0.69315   0.69315   0.69315   0.69315   0.69315   0.69315   0.69315

 Columns 4711 through 4720:

   0.69315   0.69315   0.69315   0.69315   0.69315   0.69315   0.69315   0.69315   0.69315   0.69315

 Columns 4721 through 4730:

   0.69315   0.69315   0.69315   0.69315   0.69315   0.69315   0.69315   0.69315   0.69315   0.69315

 Columns 4731 through 4740:

   0.69315   0.69315   0.69315   0.69315   0.69315   0.69315   0.69315   0.69315   0.69315   0.69315

 Columns 4741 through 4750:

   0.69315   0.69315   0.69315   0.69315   0.69315   0.69315   0.69315   0.69315   0.69315   0.69315

 Columns 4751 through 4760:

   0.69315   0.69315   0.69315   0.69315   0.69315   0.69315   0.69315   0.69315   0.69315   0.69315

 Columns 4761 through 4770:

   0.69315   0.69315   0.69315   0.69315   0.69315   0.69315   0.69315   0.69315   0.69315   0.69315

 Columns 4771 through 4780:

   0.69315   0.69315   0.69315   0.69315   0.69315   0.69315   0.69315   0.69315   0.69315   0.69315

 Columns 4781 through 4790:

   0.69315   0.69315   0.69315   0.69315   0.69315   0.69315   0.69315   0.69315   0.69315   0.69315

 Columns 4791 through 4800:

   0.69315   0.69315   0.69315   0.69315   0.69315   0.69315   0.69315   0.69315   0.69315   0.69315

 Columns 4801 through 4810:

   0.69315   0.69315   0.69315   0.69315   0.69315   0.69315   0.69315   0.69315   0.69315   0.69315

 Columns 4811 through 4820:

   0.69315   0.69315   0.69315   0.69315   0.69315   0.69315   0.69315   0.69315   0.69315   0.69315

 Columns 4821 through 4830:

   0.69315   0.69315   0.69315   0.69315   0.69315   0.69315   0.69315   0.69315   0.69315   0.69315

 Columns 4831 through 4840:

   0.69315   0.69315   0.69315   0.69315   0.69315   0.69315   0.69315   0.69315   0.69315   0.69315

 Columns 4841 through 4850:

   0.69315   0.69315   0.69315   0.69315   0.69315   0.69315   0.69315   0.69315   0.69315   0.69315

 Columns 4851 through 4860:

   0.69315   0.69315   0.69315   0.69315   0.69315   0.69315   0.69315   0.69315   0.69315   0.69315

 Columns 4861 through 4870:

   0.69315   0.69315   0.69315   0.69315   0.69315   0.69315   0.69315   0.69315   0.69315   0.69315

 Columns 4871 through 4880:

   0.69315   0.69315   0.69315   0.69315   0.69315   0.69315   0.69315   0.69315   0.69315   0.69315

 Columns 4881 through 4890:

   0.69315   0.69315   0.69315   0.69315   0.69315   0.69315   0.69315   0.69315   0.69315   0.69315

 Columns 4891 through 4900:

   0.69315   0.69315   0.69315   0.69315   0.69315   0.69315   0.69315   0.69315   0.69315   0.69315

 Columns 4901 through 4910:

   0.69315   0.69315   0.69315   0.69315   0.69315   0.69315   0.69315   0.69315   0.69315   0.69315

 Columns 4911 through 4920:

   0.69315   0.69315   0.69315   0.69315   0.69315   0.69315   0.69315   0.69315   0.69315   0.69315

 Columns 4921 through 4930:

   0.69315   0.69315   0.69315   0.69315   0.69315   0.69315   0.69315   0.69315   0.69315   0.69315

 Columns 4931 through 4940:

   0.69315   0.69315   0.69315   0.69315   0.69315   0.69315   0.69315   0.69315   0.69315   0.69315

 Columns 4941 through 4950:

   0.69315   0.69315   0.69315   0.69315   0.69315   0.69315   0.69315   0.69315   0.69315   0.69315

 Columns 4951 through 4960:

   0.69315   0.69315   0.69315   0.69315   0.69315   0.69315   0.69315   0.69315   0.69315   0.69315

 Columns 4961 through 4970:

   0.69315   0.69315   0.69315   0.69315   0.69315   0.69315   0.69315   0.69315   0.69315   0.69315

 Columns 4971 through 4980:

   0.69315   0.69315   0.69315   0.69315   0.69315   0.69315   0.69315   0.69315   0.69315   0.69315

 Columns 4981 through 4990:

   0.69315   0.69315   0.69315   0.69315   0.69315   0.69315   0.69315   0.69315   0.69315   0.69315

 Columns 4991 through 5000:

   0.69315   0.69315   0.69315   0.69315   0.69315   0.69315   0.69315   0.69315   0.69315   0.69315

